H 500 300
0 0 499
6 0 499
11 0 499
16 0 499
20 0 499
26 0 499
31 0 499
36 0 499
41 0 499
46 0 499
52 0 499
57 0 499
62 0 499
67 0 499
71 0 499
77 0 499
82 0 499
87 0 499
92 0 499
97 0 499
103 0 499
108 0 499
113 0 499
118 0 499
122 0 499
128 0 499
133 0 499
138 0 499
143 0 499
148 0 499
154 0 499
159 0 499
164 0 499
169 0 499
173 0 499
179 0 499
184 0 499
189 0 499
194 0 499
199 0 499
205 0 499
210 0 499
215 0 499
220 0 499
224 0 499
230 0 499
235 0 499
240 0 499
245 0 499
255 0 499
0 0 499
6 0 499
11 0 499
16 0 499
20 0 499
26 0 499
31 0 499
36 0 499
41 0 499
46 0 499
52 0 499
57 0 499
62 0 499
67 0 499
71 0 499
77 0 499
82 0 499
87 0 499
92 0 499
97 0 499
103 0 499
108 0 499
113 0 499
118 0 499
122 0 499
128 0 499
133 0 499
138 0 499
143 0 499
148 0 499
154 0 499
159 0 499
164 0 499
169 0 499
173 0 499
179 0 499
184 0 499
189 0 499
194 0 499
199 0 499
205 0 499
210 0 499
215 0 499
220 0 499
224 0 499
230 0 499
235 0 499
240 0 499
245 0 499
255 0 499
0 0 499
6 0 499
11 0 499
16 0 499
20 0 499
26 0 499
31 0 499
36 0 499
41 0 499
46 0 499
52 0 499
57 0 499
62 0 499
67 0 499
71 0 499
77 0 499
82 0 499
87 0 499
92 0 499
97 0 499
103 0 499
108 0 499
113 0 499
118 0 499
122 0 499
128 0 499
133 0 499
138 0 499
143 0 499
148 0 499
154 0 499
159 0 499
164 0 499
169 0 499
173 0 499
179 0 499
184 0 499
189 0 499
194 0 499
199 0 499
205 0 499
210 0 499
215 0 499
220 0 499
224 0 499
230 0 499
235 0 499
240 0 499
245 0 499
255 0 499
0 0 499
6 0 499
11 0 499
16 0 499
20 0 499
26 0 499
31 0 499
36 0 499
41 0 499
46 0 499
52 0 499
57 0 499
62 0 499
67 0 499
71 0 499
77 0 499
82 0 499
87 0 499
92 0 499
97 0 499
103 0 499
108 0 499
113 0 499
118 0 499
122 0 499
128 0 499
133 0 499
138 0 499
143 0 499
148 0 499
154 0 499
159 0 499
164 0 499
169 0 499
173 0 499
179 0 499
184 0 499
189 0 499
194 0 499
199 0 499
205 0 499
210 0 499
215 0 499
220 0 499
224 0 499
230 0 499
235 0 499
240 0 499
245 0 499
255 0 499
0 0 499
6 0 499
11 0 499
16 0 499
20 0 499
26 0 499
31 0 499
36 0 499
41 0 499
46 0 499
52 0 499
57 0 499
62 0 499
67 0 499
71 0 499
77 0 499
82 0 499
87 0 499
92 0 499
97 0 499
103 0 499
108 0 499
113 0 499
118 0 499
122 0 499
128 0 499
133 0 499
138 0 499
143 0 499
148 0 499
154 0 499
159 0 499
164 0 499
169 0 499
173 0 499
179 0 499
184 0 499
189 0 499
194 0 499
199 0 499
205 0 499
210 0 499
215 0 499
220 0 499
224 0 499
230 0 499
235 0 499
240 0 499
245 0 499
255 0 499
0 0 499
6 0 499
11 0 499
16 0 499
20 0 499
26 0 499
31 0 499
36 0 499
41 0 499
46 0 499
52 0 499
57 0 499
62 0 499
67 0 499
71 0 499
77 0 499
82 0 499
87 0 499
92 0 499
97 0 499
103 0 499
108 0 499
113 0 499
118 0 499
122 0 499
128 0 499
133 0 499
138 0 499
143 0 499
148 0 499
154 0 499
159 0 499
164 0 499
169 0 499
173 0 499
179 0 499
184 0 499
189 0 499
194 0 499
199 0 499
205 0 499
210 0 499
215 0 499
220 0 499
224 0 499
230 0 499
235 0 499
240 0 499
245 0 499
251 0 499