V 1188 656
255 0 655
255 0 655
255 0 655
255 0 655
255 0 655
255 0 655
255 0 655
255 0 655
255 0 655
255 0 655
255 0 655
255 0 655
255 0 655
255 0 655
255 0 655
255 0 655
255 0 655
255 0 655
255 0 655
255 0 655
255 0 655
255 0 655
255 0 655
255 0 655
255 0 655
255 0 655
255 0 655
255 0 655
255 0 655
255 0 655
255 0 655
255 0 655
255 0 655
255 0 655
255 0 655
255 0 655
255 0 655
255 0 655
255 0 655
255 0 655
255 0 655
255 0 655
255 0 655
255 0 655
255 0 655
255 0 655
255 0 655
255 0 655
255 0 655
255 0 655
255 0 655
255 0 655
255 0 655
255 0 655
255 0 655
255 0 655
255 0 655
255 0 655
255 0 655
255 0 655
255 0 655
255 0 655
255 0 655
255 0 655
255 0 655
255 0 655
255 0 655
255 0 655
255 0 655
255 0 655
255 0 655
255 0 655
255 0 655
255 0 655
255 0 655
255 0 655
255 0 655
255 0 655
255 0 655
255 0 655
255 0 655
255 0 655
255 0 655
255 0 655
255 0 655
255 0 655
255 0 655
255 0 655
255 0 655
255 0 655
255 0 655
255 0 655
255 0 655
255 0 655
255 0 655
255 0 655
255 0 655
255 0 655
255 0 655
255 0 655
255 0 655
255 0 655
255 0 655
255 0 655
255 0 655
255 0 655
255 0 655
255 0 655
255 0 655
255 0 655
255 0 655
255 0 655
255 0 655
255 0 655
255 0 655
255 0 655
255 0 655
255 0 655
255 0 655
255 0 655
255 0 655
255 0 655
255 0 655
255 0 655
255 0 655
255 0 655
255 0 655
255 0 655
255 0 655
255 0 655
255 0 655
255 0 655
255 0 655
255 0 655
255 0 655
255 0 655
255 0 655
255 0 655
255 0 655
255 0 655
254 0 655
255 0 655
251 0 655
228 0 655
226 0 655
226 0 655
226 0 655
226 0 655
226 0 655
226 0 655
226 0 655
226 0 655
226 0 655
226 0 655
226 0 655
226 0 655
226 0 655
226 0 655
226 0 655
226 0 655
226 0 655
226 0 655
226 0 655
226 0 655
226 0 655
226 0 655
226 0 655
226 0 655
226 0 655
226 0 655
226 0 655
226 0 655
226 0 655
226 0 655
226 0 655
226 0 655
226 0 655
226 0 655
226 0 655
226 0 655
226 0 655
226 0 655
226 0 655
226 0 655
226 0 655
226 0 655
226 0 655
226 0 655
226 0 655
226 0 655
226 0 655
226 0 655
226 0 655
226 0 655
226 0 655
226 0 655
226 0 655
226 0 655
226 0 655
226 0 655
226 0 655
226 0 655
226 0 655
226 0 655
226 0 655
226 0 655
226 0 655
226 0 655
226 0 655
226 0 655
226 0 655
226 0 655
226 0 655
226 0 655
226 0 655
226 0 655
226 0 655
226 0 655
226 0 655
226 0 655
226 0 655
226 0 655
226 0 655
226 0 655
226 0 655
226 0 655
226 0 655
226 0 655
226 0 655
226 0 655
226 0 655
226 0 655
226 0 655
226 0 655
226 0 655
226 0 655
226 0 655
226 0 655
226 0 655
226 0 655
226 0 655
226 0 655
226 0 655
226 0 655
226 0 655
226 0 655
226 0 655
226 0 655
226 0 655
226 0 655
226 0 655
226 0 655
226 0 655
226 0 655
226 0 655
226 0 655
226 0 655
226 0 655
226 0 655
226 0 655
226 0 655
226 0 655
226 0 655
226 0 655
226 0 655
226 0 655
226 0 655
226 0 655
226 0 655
226 0 655
226 0 655
226 0 655
226 0 655
226 0 655
226 0 655
226 0 655
226 0 655
226 0 655
226 0 655
226 0 655
226 0 655
226 0 655
226 0 655
226 0 655
226 0 655
226 0 655
226 0 655
226 0 655
226 0 655
226 0 655
226 0 655
225 0 655
226 0 655
221 0 655
180 0 655
179 0 655
178 0 655
178 0 655
178 0 655
178 0 655
178 0 655
178 0 655
178 0 655
178 0 655
178 0 655
178 0 655
178 0 655
178 0 655
178 0 655
178 0 655
178 0 655
178 0 655
178 0 655
178 0 655
178 0 655
178 0 655
178 0 655
178 0 655
178 0 655
178 0 655
178 0 655
178 0 655
178 0 655
178 0 655
178 0 655
178 0 655
178 0 655
178 0 655
178 0 655
178 0 655
178 0 655
178 0 655
178 0 655
178 0 655
178 0 655
178 0 655
178 0 655
178 0 655
178 0 655
178 0 655
178 0 655
178 0 655
178 0 655
178 0 655
178 0 655
178 0 655
178 0 655
178 0 655
178 0 655
178 0 655
178 0 655
178 0 655
178 0 655
178 0 655
178 0 655
178 0 655
178 0 655
178 0 655
178 0 655
178 0 655
178 0 655
178 0 655
178 0 655
178 0 655
178 0 655
178 0 655
178 0 655
178 0 655
178 0 655
178 0 655
178 0 655
178 0 655
178 0 655
178 0 655
178 0 655
178 0 655
178 0 655
178 0 655
178 0 655
178 0 655
178 0 655
178 0 655
178 0 655
178 0 655
178 0 655
178 0 655
178 0 655
178 0 655
178 0 655
178 0 655
178 0 655
178 0 655
178 0 655
178 0 655
178 0 655
178 0 655
178 0 655
178 0 655
178 0 655
178 0 655
178 0 655
178 0 655
178 0 655
178 0 655
178 0 655
178 0 655
178 0 655
178 0 655
178 0 655
178 0 655
178 0 655
178 0 655
178 0 655
178 0 655
178 0 655
178 0 655
178 0 655
178 0 655
178 0 655
178 0 655
178 0 655
178 0 655
178 0 655
178 0 655
178 0 655
178 0 655
178 0 655
178 0 655
178 0 655
178 0 655
178 0 655
178 0 655
178 0 655
178 0 655
178 0 655
178 0 655
178 0 655
178 0 655
178 0 655
178 0 655
178 0 655
178 0 655
178 0 655
178 0 655
176 0 655
152 0 655
150 0 655
150 0 655
150 0 655
150 0 655
150 0 655
150 0 655
150 0 655
150 0 655
150 0 655
150 0 655
150 0 655
150 0 655
150 0 655
150 0 655
150 0 655
150 0 655
150 0 655
150 0 655
150 0 655
150 0 655
150 0 655
150 0 655
150 0 655
150 0 655
150 0 655
150 0 655
150 0 655
150 0 655
150 0 655
150 0 655
150 0 655
150 0 655
150 0 655
150 0 655
150 0 655
150 0 655
150 0 655
150 0 655
150 0 655
150 0 655
150 0 655
150 0 655
150 0 655
150 0 655
150 0 655
150 0 655
150 0 655
150 0 655
150 0 655
150 0 655
150 0 655
150 0 655
150 0 655
150 0 655
150 0 655
150 0 655
150 0 655
150 0 655
150 0 655
150 0 655
150 0 655
150 0 655
150 0 655
150 0 655
150 0 655
150 0 655
150 0 655
150 0 655
150 0 655
150 0 655
150 0 655
150 0 655
150 0 655
150 0 655
150 0 655
150 0 655
150 0 655
150 0 655
150 0 655
150 0 655
150 0 655
150 0 655
150 0 655
150 0 655
150 0 655
150 0 655
150 0 655
150 0 655
150 0 655
150 0 655
150 0 655
150 0 655
150 0 655
150 0 655
150 0 655
150 0 655
150 0 655
150 0 655
150 0 655
150 0 655
150 0 655
150 0 655
150 0 655
150 0 655
150 0 655
150 0 655
150 0 655
150 0 655
150 0 655
150 0 655
150 0 655
150 0 655
150 0 655
150 0 655
150 0 655
150 0 655
150 0 655
150 0 655
150 0 655
150 0 655
150 0 655
150 0 655
150 0 655
150 0 655
150 0 655
150 0 655
150 0 655
150 0 655
150 0 655
150 0 655
150 0 655
150 0 655
150 0 655
150 0 655
150 0 655
150 0 655
150 0 655
150 0 655
150 0 655
150 0 655
150 0 655
150 0 655
150 0 655
150 0 655
150 0 655
150 0 655
150 0 655
150 0 655
151 0 655
160 0 655
95 0 655
105 0 655
105 0 655
105 0 655
105 0 655
105 0 655
105 0 655
105 0 655
105 0 655
105 0 655
105 0 655
105 0 655
105 0 655
105 0 655
105 0 655
105 0 655
105 0 655
105 0 655
105 0 655
105 0 655
105 0 655
105 0 655
105 0 655
105 0 655
105 0 655
105 0 655
105 0 655
105 0 655
105 0 655
105 0 655
105 0 655
105 0 655
105 0 655
105 0 655
105 0 655
105 0 655
105 0 655
105 0 655
105 0 655
105 0 655
105 0 655
105 0 655
105 0 655
105 0 655
105 0 655
105 0 655
105 0 655
105 0 655
105 0 655
105 0 655
105 0 655
105 0 655
105 0 655
105 0 655
105 0 655
105 0 655
105 0 655
105 0 655
105 0 655
105 0 655
105 0 655
105 0 655
105 0 655
105 0 655
105 0 655
105 0 655
105 0 655
105 0 655
105 0 655
105 0 655
105 0 655
105 0 655
105 0 655
105 0 655
105 0 655
105 0 655
105 0 655
105 0 655
105 0 655
105 0 655
105 0 655
105 0 655
105 0 655
105 0 655
105 0 655
105 0 655
105 0 655
105 0 655
105 0 655
105 0 655
105 0 655
105 0 655
105 0 655
105 0 655
105 0 655
105 0 655
105 0 655
105 0 655
105 0 655
105 0 655
105 0 655
105 0 655
105 0 655
105 0 655
105 0 655
105 0 655
105 0 655
105 0 655
105 0 655
105 0 655
105 0 655
105 0 655
105 0 655
105 0 655
105 0 655
105 0 655
105 0 655
105 0 655
105 0 655
105 0 655
105 0 655
105 0 655
105 0 655
105 0 655
105 0 655
105 0 655
105 0 655
105 0 655
105 0 655
105 0 655
105 0 655
105 0 655
105 0 655
105 0 655
105 0 655
105 0 655
105 0 655
105 0 655
105 0 655
105 0 655
105 0 655
105 0 655
105 0 655
105 0 655
105 0 655
105 0 655
105 0 655
105 0 655
105 0 655
105 0 655
102 0 655
80 0 655
77 0 655
76 0 655
76 0 655
76 0 655
76 0 655
76 0 655
76 0 655
76 0 655
76 0 655
76 0 655
76 0 655
76 0 655
76 0 655
76 0 655
76 0 655
76 0 655
76 0 655
76 0 655
76 0 655
76 0 655
76 0 655
76 0 655
76 0 655
76 0 655
76 0 655
76 0 655
76 0 655
76 0 655
76 0 655
76 0 655
76 0 655
76 0 655
76 0 655
76 0 655
76 0 655
76 0 655
76 0 655
76 0 655
76 0 655
76 0 655
76 0 655
76 0 655
76 0 655
76 0 655
76 0 655
76 0 655
76 0 655
76 0 655
76 0 655
76 0 655
76 0 655
76 0 655
76 0 655
76 0 655
76 0 655
76 0 655
76 0 655
76 0 655
76 0 655
76 0 655
76 0 655
76 0 655
76 0 655
76 0 655
76 0 655
76 0 655
76 0 655
76 0 655
76 0 655
76 0 655
76 0 655
76 0 655
76 0 655
76 0 655
76 0 655
76 0 655
76 0 655
76 0 655
76 0 655
76 0 655
76 0 655
76 0 655
76 0 655
76 0 655
76 0 655
76 0 655
76 0 655
76 0 655
76 0 655
76 0 655
76 0 655
76 0 655
76 0 655
76 0 655
76 0 655
76 0 655
76 0 655
76 0 655
76 0 655
76 0 655
76 0 655
76 0 655
76 0 655
76 0 655
76 0 655
76 0 655
76 0 655
76 0 655
76 0 655
76 0 655
76 0 655
76 0 655
76 0 655
76 0 655
76 0 655
76 0 655
76 0 655
76 0 655
76 0 655
76 0 655
76 0 655
76 0 655
76 0 655
76 0 655
76 0 655
76 0 655
76 0 655
76 0 655
76 0 655
76 0 655
76 0 655
76 0 655
76 0 655
76 0 655
76 0 655
76 0 655
76 0 655
76 0 655
76 0 655
76 0 655
76 0 655
76 0 655
76 0 655
76 0 655
76 0 655
76 0 655
76 0 655
76 0 655
77 0 655
75 0 655
35 0 655
30 0 655
29 0 655
30 0 655
30 0 655
30 0 655
30 0 655
30 0 655
30 0 655
30 0 655
30 0 655
30 0 655
30 0 655
30 0 655
30 0 655
30 0 655
30 0 655
30 0 655
30 0 655
30 0 655
30 0 655
30 0 655
30 0 655
30 0 655
30 0 655
30 0 655
30 0 655
30 0 655
30 0 655
30 0 655
30 0 655
30 0 655
30 0 655
30 0 655
30 0 655
30 0 655
30 0 655
30 0 655
30 0 655
30 0 655
30 0 655
30 0 655
30 0 655
30 0 655
30 0 655
30 0 655
30 0 655
30 0 655
30 0 655
30 0 655
30 0 655
30 0 655
30 0 655
30 0 655
30 0 655
30 0 655
30 0 655
30 0 655
30 0 655
30 0 655
30 0 655
30 0 655
30 0 655
30 0 655
30 0 655
30 0 655
30 0 655
30 0 655
30 0 655
30 0 655
30 0 655
30 0 655
30 0 655
30 0 655
30 0 655
30 0 655
30 0 655
30 0 655
30 0 655
30 0 655
30 0 655
30 0 655
30 0 655
30 0 655
30 0 655
30 0 655
30 0 655
30 0 655
30 0 655
30 0 655
30 0 655
30 0 655
30 0 655
30 0 655
30 0 655
30 0 655
30 0 655
30 0 655
30 0 655
30 0 655
30 0 655
30 0 655
30 0 655
30 0 655
30 0 655
30 0 655
30 0 655
30 0 655
30 0 655
30 0 655
30 0 655
30 0 655
30 0 655
30 0 655
30 0 655
30 0 655
30 0 655
30 0 655
30 0 655
30 0 655
30 0 655
30 0 655
30 0 655
30 0 655
30 0 655
30 0 655
30 0 655
30 0 655
30 0 655
30 0 655
30 0 655
30 0 655
30 0 655
30 0 655
30 0 655
30 0 655
30 0 655
30 0 655
30 0 655
30 0 655
30 0 655
30 0 655
30 0 655
30 0 655
30 0 655
30 0 655
30 0 655
30 0 655
30 0 655
30 0 655
28 0 655
4 0 655
0 0 655
0 0 655
0 0 655
0 0 655
0 0 655
0 0 655
0 0 655
0 0 655
0 0 655
0 0 655
0 0 655
0 0 655
0 0 655
0 0 655
0 0 655
0 0 655
0 0 655
0 0 655
0 0 655
0 0 655
0 0 655
0 0 655
0 0 655
0 0 655
0 0 655
0 0 655
0 0 655
0 0 655
0 0 655
0 0 655
0 0 655
0 0 655
0 0 655
0 0 655
0 0 655
0 0 655
0 0 655
0 0 655
0 0 655
0 0 655
0 0 655
0 0 655
0 0 655
0 0 655
0 0 655
0 0 655
0 0 655
0 0 655
0 0 655
0 0 655
0 0 655
0 0 655
0 0 655
0 0 655
0 0 655
0 0 655
0 0 655
0 0 655
0 0 655
0 0 655
0 0 655
0 0 655
0 0 655
0 0 655
0 0 655
0 0 655
0 0 655
0 0 655
0 0 655
0 0 655
0 0 655
0 0 655
0 0 655
0 0 655
0 0 655
0 0 655
0 0 655
0 0 655
0 0 655
0 0 655
0 0 655
0 0 655
0 0 655
0 0 655
0 0 655
0 0 655
0 0 655
0 0 655
0 0 655
0 0 655
0 0 655
0 0 655
0 0 655
0 0 655
0 0 655
0 0 655
0 0 655
0 0 655
0 0 655
0 0 655
0 0 655
0 0 655
0 0 655
0 0 655
0 0 655
0 0 655
0 0 655
0 0 655
0 0 655
0 0 655
0 0 655
0 0 655
0 0 655
0 0 655
0 0 655
0 0 655
0 0 655
0 0 655
0 0 655
0 0 655
0 0 655
0 0 655
0 0 655
0 0 655
0 0 655
0 0 655
0 0 655
0 0 655
0 0 655
0 0 655
0 0 655
0 0 655
0 0 655
0 0 655
0 0 655
0 0 655
0 0 655
0 0 655